[header]
width=32
height=32
tilewidth=16
tileheight=16
orientation=orthogonal
background_color=0,0,0,255

[tilesets]
tileset=../CS3113/assets/sprite_sheets/arne_sprites.png,16,16,0,0

[layer]
type=Tile Layer 1
data=
33,33,33,33,33,33,33,33,33,33,33,33,33,33,33,33,33,33,33,33,33,33,33,33,33,33,33,33,33,33,33,33,
33,0,0,0,0,0,0,33,33,0,0,0,0,0,0,0,0,0,0,0,0,0,0,0,0,0,0,0,0,0,0,33,
33,0,0,0,0,0,0,33,33,0,0,0,0,0,0,0,0,0,0,0,0,0,0,0,0,0,0,0,0,0,0,33,
33,0,0,33,33,0,0,33,33,0,0,0,0,0,0,0,0,33,33,33,33,0,0,33,33,0,0,33,33,0,0,33,
33,0,0,33,33,0,0,33,33,0,0,0,0,0,0,0,0,33,33,33,33,0,0,33,33,0,0,33,33,0,0,33,
33,0,0,33,33,0,0,33,33,33,33,33,33,0,0,33,33,33,33,33,33,0,0,33,33,0,0,33,33,0,0,33,
33,0,0,33,33,0,0,33,33,33,33,33,33,0,0,33,33,33,33,33,33,0,0,33,33,0,0,33,33,0,0,33,
33,0,0,33,33,0,0,0,0,0,0,0,0,0,0,0,0,0,0,0,0,0,0,33,33,0,0,33,33,0,0,33,
33,0,0,33,33,0,0,0,0,0,0,0,0,0,0,0,0,0,0,0,0,0,0,33,33,0,0,33,33,0,0,33,
33,0,0,33,33,33,33,0,0,0,0,33,33,33,33,0,0,0,0,33,33,33,33,33,33,0,0,33,33,0,0,33,
33,0,0,33,33,33,33,0,0,0,0,33,33,33,33,0,0,0,0,33,33,33,33,33,33,0,0,33,33,0,0,33,
33,0,0,0,0,0,0,0,0,0,0,33,33,33,33,0,0,0,0,33,33,33,33,33,33,0,0,0,0,0,0,33,
33,0,0,0,0,0,0,0,0,0,0,33,33,33,33,0,0,0,0,33,33,33,33,33,33,0,0,0,0,0,0,33,
33,0,0,33,33,0,0,33,33,33,33,33,33,0,0,0,0,0,0,33,33,33,33,33,33,33,33,33,33,0,0,33,
33,0,0,33,33,0,0,33,33,33,33,33,33,0,0,0,0,0,0,33,33,33,33,33,33,33,33,33,33,0,0,33,
33,0,0,33,33,0,0,0,0,0,0,33,33,0,0,0,0,0,0,0,0,0,0,0,0,0,0,0,0,0,0,33,
33,0,0,33,33,0,0,0,0,0,0,33,33,0,0,0,0,0,0,0,0,0,0,0,0,0,0,0,0,0,0,33,
33,33,33,33,33,0,0,33,33,0,0,0,0,0,0,0,0,0,0,33,33,33,33,33,33,33,33,33,33,0,0,33,
33,33,33,33,33,0,0,33,33,0,0,0,0,0,0,0,0,0,0,33,33,33,33,33,33,33,33,33,33,0,0,33,
33,0,0,33,33,0,0,33,33,33,33,33,33,0,0,0,0,33,33,33,33,33,33,0,0,0,0,0,0,0,0,33,
33,0,0,33,33,0,0,33,33,33,33,33,33,0,0,0,0,33,33,33,33,33,33,0,0,0,0,0,0,0,0,33,
33,0,0,0,0,0,0,0,0,33,33,33,33,0,0,33,33,33,33,33,33,33,33,33,33,33,33,33,33,0,0,33,
33,0,0,0,0,0,0,0,0,33,33,33,33,0,0,33,33,33,33,33,33,33,33,33,33,33,33,33,33,0,0,33,
33,0,0,33,33,33,33,33,33,33,33,33,0,0,0,0,0,0,0,0,0,0,0,0,0,0,0,33,33,0,0,33,
33,0,0,33,33,33,33,33,33,33,33,33,0,0,0,0,0,0,0,0,0,0,0,0,0,0,0,33,33,0,0,33,
33,0,0,33,33,0,0,0,0,0,0,0,0,0,33,33,33,33,0,0,0,0,0,0,33,33,0,33,33,0,0,33,
33,0,0,33,33,0,0,0,0,0,0,0,0,0,33,33,33,33,0,0,0,0,0,0,33,33,0,33,33,0,0,33,
33,0,0,0,0,0,0,33,33,33,33,33,33,33,33,33,33,33,0,0,33,33,33,33,33,33,0,33,33,0,0,33,
33,0,0,0,0,0,0,33,33,33,33,33,33,33,33,33,33,33,0,0,33,33,33,33,33,33,0,33,33,0,0,33,
33,0,0,33,33,0,0,0,0,0,0,0,0,0,0,0,0,0,0,0,0,0,0,0,0,0,0,0,0,0,0,33,
33,0,0,33,33,0,0,0,0,0,0,0,0,0,0,0,0,0,0,0,0,0,0,0,0,0,0,0,0,0,0,33,
33,33,33,33,33,33,33,33,33,33,33,33,33,33,33,33,33,33,33,33,33,33,33,33,33,33,33,33,33,33,33,33

[Object Layer 1]
# Player1
type=Player1
location=30,31,1,1

[Object Layer 1]
# Player2
type=Player2
location=1,2,1,1

[Object Layer 1]
# Spark
type=Spark
location=25,13,1,1

[Object Layer 1]
# Spark
type=Spark
location=8,23,1,1

[Object Layer 1]
# Heavy
type=Heavy
location=2,20,1,1

[Object Layer 1]
# Wave
type=Wave
location=23,20,1,1

[Object Layer 1]
# Wave
type=Wave
location=9,5,1,1

[Object Layer 1]
# Heavy
type=Heavy
location=23,27,1,1

