[header]
width=32
height=32
tilewidth=16
tileheight=16
orientation=orthogonal
background_color=0,0,0,255

[tilesets]
tileset=../CS3113/assets/sprite_sheets/arne_sprites.png,16,16,0,0

[layer]
type=Tile Layer 1
data=
4,4,4,4,4,4,4,4,4,4,4,4,4,4,4,4,4,4,4,4,4,4,4,4,4,4,4,4,4,4,4,4,
4,0,0,0,0,0,0,4,4,0,0,0,0,0,0,4,4,0,0,0,0,0,0,4,4,0,0,0,0,0,0,4,
4,0,0,0,0,0,0,4,4,0,0,0,0,0,0,4,4,0,0,0,0,0,0,4,4,0,0,0,0,0,0,4,
4,0,0,0,0,0,0,4,4,0,0,0,0,0,0,4,4,0,0,0,0,0,0,4,4,0,0,0,0,0,0,4,
4,0,0,0,0,0,0,4,4,0,0,0,0,0,0,4,4,0,0,0,0,0,0,4,4,0,0,0,0,0,0,4,
4,4,4,0,0,4,4,4,4,4,4,0,0,4,4,4,4,4,4,0,0,4,4,4,4,4,4,0,0,4,4,4,
4,4,4,0,0,4,4,4,4,4,4,0,0,4,4,4,4,4,4,0,0,4,4,4,4,4,4,0,0,4,4,4,
4,0,0,0,0,0,0,0,0,0,0,0,0,0,0,0,0,0,0,0,0,0,0,0,0,0,0,0,0,0,0,4,
4,0,0,0,0,0,0,0,0,0,0,0,0,0,0,0,0,0,0,0,0,0,0,0,0,0,0,0,0,0,0,4,
4,0,0,0,0,0,0,0,0,0,0,0,0,0,0,0,0,0,0,0,0,0,0,0,0,0,0,0,0,0,0,4,
4,0,0,0,0,0,0,0,0,0,0,0,0,0,0,0,0,0,0,0,0,0,0,0,0,0,0,0,0,0,0,4,
4,0,0,0,0,0,0,4,4,0,0,0,0,0,0,4,4,0,0,0,0,0,0,4,4,0,0,0,0,0,0,4,
4,0,0,0,0,0,0,4,4,0,0,0,0,0,0,4,4,0,0,0,0,0,0,4,4,0,0,0,0,0,0,4,
4,0,0,0,0,0,0,4,4,0,0,0,0,0,0,4,4,0,0,0,0,0,0,4,4,0,0,0,0,0,0,4,
4,0,0,0,0,0,0,4,4,0,0,0,0,0,0,4,4,0,0,0,0,0,0,4,4,0,0,0,0,0,0,4,
4,0,0,0,0,0,0,4,4,0,0,0,0,0,0,4,4,0,0,0,0,0,0,4,4,0,0,0,0,0,0,4,
4,0,0,0,0,0,0,4,4,0,0,0,0,0,0,4,4,0,0,0,0,0,0,4,4,0,0,0,0,0,0,4,
4,0,0,0,0,0,0,4,4,0,0,0,0,0,0,4,4,0,0,0,0,0,0,4,4,0,0,0,0,0,0,4,
4,0,0,0,0,0,0,4,4,0,0,0,0,0,0,4,4,0,0,0,0,0,0,4,4,0,0,0,0,0,0,4,
4,0,0,0,0,0,0,4,4,0,0,0,0,0,0,4,4,0,0,0,0,0,0,4,4,0,0,0,0,0,0,4,
4,0,0,0,0,0,0,4,4,0,0,0,0,0,0,4,4,0,0,0,0,0,0,4,4,0,0,0,0,0,0,4,
4,0,0,0,0,0,0,0,0,0,0,0,0,0,0,0,0,0,0,0,0,0,0,0,0,0,0,0,0,0,0,4,
4,0,0,0,0,0,0,0,0,0,0,0,0,0,0,0,0,0,0,0,0,0,0,0,0,0,0,0,0,0,0,4,
4,0,0,0,0,0,0,0,0,0,0,0,0,0,0,0,0,0,0,0,0,0,0,0,0,0,0,0,0,0,0,4,
4,0,0,0,0,0,0,0,0,0,0,0,0,0,0,0,0,0,0,0,0,0,0,0,0,0,0,0,0,0,0,4,
4,4,4,0,0,4,4,4,4,4,4,0,0,4,4,4,4,4,4,0,0,4,4,4,4,4,4,0,0,4,4,4,
4,4,4,0,0,4,4,4,4,4,4,0,0,4,4,4,4,4,4,0,0,4,4,4,4,4,4,0,0,4,4,4,
4,0,0,0,0,0,0,4,4,0,0,0,0,0,0,4,4,0,0,0,0,0,0,4,4,0,0,0,0,0,0,4,
4,0,0,0,0,0,0,4,4,0,0,0,0,0,0,4,4,0,0,0,0,0,0,4,4,0,0,0,0,0,0,4,
4,0,0,0,0,0,0,4,4,0,0,0,0,0,0,4,4,0,0,0,0,0,0,4,4,0,0,0,0,0,0,4,
4,0,0,0,0,0,0,4,4,0,0,0,0,0,0,4,4,0,0,0,0,0,0,4,4,0,0,0,0,0,0,4,
4,4,4,4,4,4,4,4,4,4,4,4,4,4,4,4,4,4,4,4,4,4,4,4,4,4,4,4,4,4,4,4

[Object Layer 1]
# Player2
type=Player2
location=1,2,1,1

[Object Layer 1]
# Player1
type=Player1
location=30,31,1,1

[Object Layer 1]
# Heavy
type=Heavy
location=21,30,1,1

[Object Layer 1]
# Heavy
type=Heavy
location=10,3,1,1

[Object Layer 1]
# Wave
type=Wave
location=18,3,1,1

[Object Layer 1]
# Wave
type=Wave
location=13,30,1,1

[Object Layer 1]
# Spark
type=Spark
location=29,3,1,1

[Object Layer 1]
# Spark
type=Spark
location=2,30,1,1

