[header]
width=32
height=32
tilewidth=16
tileheight=16
orientation=orthogonal
background_color=0,0,0,255

[tilesets]
tileset=../CS3113/assets/sprite_sheets/arne_sprites.png,16,16,0,0

[layer]
type=Tile Layer 1
data=
34,-1073741805,-1073741806,-1073741807,-1073741804,-1073741805,-1073741806,-1073741807,-1073741804,-1073741805,-1073741806,-1073741807,-1073741804,-1073741805,-1073741806,-1073741807,-1073741804,-1073741805,-1073741806,-1073741807,-1073741804,-1073741805,-1073741806,-1073741807,-1073741804,34,36,36,33,33,33,36,
-1610612718,0,0,0,0,0,0,0,0,0,0,0,0,0,0,0,0,0,0,0,0,0,0,0,0,1610612738,33,33,36,33,36,36,
-1610612717,0,0,0,0,0,0,0,0,0,0,0,0,0,0,0,0,0,0,0,0,0,0,0,0,1610612737,34,36,36,36,36,36,
-1610612716,0,0,0,0,0,0,0,0,0,0,0,0,0,0,0,0,0,0,0,0,0,0,0,0,0,1610612737,34,33,36,33,36,
-1610612719,0,0,0,0,0,0,0,0,0,0,0,0,0,0,0,0,0,0,0,0,0,0,0,0,0,0,1610612737,-1073741822,34,33,36,
-1610612718,0,0,0,0,0,0,0,1,18,18,3,0,0,0,0,0,0,0,1610612739,3,0,0,0,0,0,0,0,0,1610612737,-1073741822,34,
-1610612717,0,0,0,0,0,1610612739,2,34,33,33,34,3,0,0,0,0,1610612739,2,34,34,3,0,0,0,0,0,0,0,0,0,1610612754,
-1610612716,0,0,0,0,1610612739,34,36,36,36,33,34,-1610612733,0,0,0,0,1610612738,34,36,33,34,-1610612733,0,0,0,0,0,0,0,0,1610612753,
-1610612719,0,0,0,0,-1073741821,34,33,33,36,36,-1610612734,0,0,0,0,1610612739,34,36,36,33,-1610612734,0,0,0,0,0,0,0,0,0,1610612756,
-1610612718,0,0,0,0,0,-1073741821,34,33,36,34,-1610612733,0,0,0,0,1610612738,34,33,36,33,-1610612734,0,0,0,0,1,3,0,0,0,1610612755,
-1610612717,0,0,0,0,0,0,-1073741821,-1073741822,-1073741822,-1610612733,0,0,0,0,1610612739,34,33,33,36,34,-1610612733,0,0,0,1,34,34,3,0,0,1610612754,
-1610612716,0,0,0,0,0,0,0,0,0,0,0,0,0,0,1610612738,34,33,36,34,-1610612733,0,0,0,1,34,34,34,-1610612734,0,0,1610612753,
-1610612719,0,0,0,0,0,0,0,0,0,0,0,0,0,1610612739,34,36,36,36,-1610612734,0,0,0,1,34,34,34,34,-1610612734,0,0,1610612756,
34,2,2,3,0,0,0,0,0,0,0,0,0,0,1610612738,34,36,33,34,-1610612733,0,0,0,1610612738,34,34,34,34,-1610612733,0,0,1610612755,
33,36,33,33,3,0,0,0,0,0,0,0,0,1610612739,34,33,36,33,-1610612734,0,0,0,0,-1073741821,34,34,34,-1610612734,0,0,0,1610612754,
36,36,36,36,-1610612734,0,0,0,0,0,0,0,0,1610612738,33,33,36,34,-1610612733,0,0,0,0,0,-1073741821,-1073741822,-1073741822,-1610612733,0,0,0,1610612753,
36,33,34,-1073741822,-1610612733,0,0,0,0,0,0,0,0,1610612738,33,36,36,-1610612734,0,0,0,0,0,0,0,0,0,0,0,0,0,1610612756,
34,-1073741822,-1610612733,0,0,0,0,0,0,0,0,0,0,-1073741821,34,34,34,-1610612733,0,0,0,0,0,0,0,0,0,0,0,0,0,1610612755,
-1610612717,0,0,0,0,0,0,1,3,0,0,0,0,0,-1073741821,-1073741822,-1610612733,0,0,0,0,0,0,1,2,2,3,0,0,0,0,1610612754,
-1610612716,0,0,0,0,0,1,34,34,0,0,0,0,0,0,0,0,0,0,0,0,0,1,34,33,33,-1610612734,0,0,0,0,1610612753,
-1610612719,0,0,0,0,0,1610612738,33,34,3,0,0,0,0,0,0,0,0,0,0,0,0,1610612738,33,36,33,-1610612734,0,0,0,0,1610612756,
-1610612718,0,0,0,0,1,34,33,33,34,3,0,0,0,0,0,0,0,0,0,0,1,34,36,36,36,-1610612734,0,0,0,0,1610612755,
-1610612717,0,0,0,0,1610612738,36,36,36,33,34,3,0,0,0,0,0,0,0,0,0,1610612738,33,33,36,34,-1610612733,0,0,0,0,1610612754,
-1610612716,0,0,0,0,1610612738,33,33,36,36,36,34,3,0,0,0,0,0,0,0,1,34,33,36,34,-1610612733,0,0,0,0,0,1610612753,
-1610612719,0,0,0,0,-1073741821,34,33,36,36,36,33,34,3,0,0,0,0,0,0,1610612738,34,36,36,-1610612734,0,0,0,0,0,0,1610612756,
-1610612718,0,0,0,0,0,-1073741821,34,33,33,33,36,33,33,3,0,0,0,0,0,-1073741821,34,33,34,-1610612733,0,0,0,0,0,0,1610612755,
-1610612717,0,0,0,0,0,0,-1073741821,-1073741822,34,33,36,36,36,34,3,0,0,0,0,0,1610612738,33,-1610612734,0,0,0,0,0,0,0,1610612754,
-1610612716,0,0,0,0,0,0,0,0,-1073741821,-1073741822,-1073741822,-1073741822,-1073741822,-1073741822,-1610612733,0,0,0,0,0,-1073741821,34,-1610612734,0,0,0,0,0,0,0,1610612753,
-1610612719,0,0,0,0,0,0,0,0,0,0,0,0,0,0,0,0,0,0,0,0,0,-1073741821,-1610612733,0,0,0,0,0,0,0,1610612756,
-1610612718,0,0,0,0,0,0,0,0,0,0,0,0,0,0,0,0,0,0,0,0,0,0,0,0,0,0,0,0,0,0,1610612755,
-1610612717,0,0,0,0,0,0,0,0,0,0,0,0,0,0,0,0,0,0,0,0,0,0,0,0,0,0,0,0,0,0,1610612754,
34,18,19,20,17,18,19,20,17,18,19,20,17,18,19,20,17,18,19,20,17,18,19,20,17,18,19,20,17,18,19,34

[Object Layer 1]
# Player1
type=Player1
location=30,31,1,1

[Object Layer 1]
# Player2
type=Player2
location=1,2,1,1

[Object Layer 1]
# Heavy
type=Heavy
location=27,21,1,1

[Object Layer 1]
# Heavy
type=Heavy
location=10,5,1,1

[Object Layer 1]
# Wave
type=Wave
location=5,16,1,1

[Object Layer 1]
# Wave
type=Wave
location=23,12,1,1

[Object Layer 1]
# Spark
type=Spark
location=6,27,1,1

